1234
1234
1234
1234
1235
1236
1237
1238
1236
1238
1240
1242
1237
1240
1243
1246
1238
1242
1246
1250
1239
1244
1249
1254
1240
1246
1252
1258
1241
1248
1255
1262
1242
1250
1258
1266
1243
1252
1261
1270
1244
1254
1264
1274
1245
1256
1267
1278
1246
1258
1270
1282
1247
1260
1273
1286
1248
1262
1276
1290
1249
1264
1279
1294
1250
1266
1282
1298
1251
1268
1285
1302
1252
1270
1288
1306
1253
1272
1291
1310
1254
1274
1294
1314
1255
1276
1297
1318
1256
1278
1300
1322
1257
1280
1303
1326
1258
1282
1306
1330
1259
1284
1309
1334
1260
1286
1312
1338
1261
1288
1315
1342
1262
1290
1318
1346
1263
1292
1321
1350
1264
1294
1324
1354
1265
1296
1327
1358
1266
1298
1330
1362
1267
1300
1333
1366
1268
1302
1336
1370
1269
1304
1339
1374
1270
1306
1342
1378
1271
1308
1345
1382
1272
1310
1348
1386
1273
1312
1351
1390
1274
1314
1354
1394
1275
1316
1357
1398
1276
1318
1360
1402
1277
1320
1363
1406
1278
1322
1366
1410
1279
1324
1369
1414
1280
1326
1372
1418
1281
1328
1375
1422
1282
1330
1378
1426
1283
1332
1381
1430
1284
1334
1384
1434
1285
1336
1387
1438
1286
1338
1390
1442
1287
1340
1393
1446
1288
1342
1396
1450
1289
1344
1399
1454
1290
1346
1402
1458
1291
1348
1405
1462
1292
1350
1408
1466
1293
1352
1411
1470
1294
1354
1414
1474
1295
1356
1417
1478
1296
1358
1420
1482
1297
1360
1423
1486
1298
1362
1426
1490
1299
1364
1429
1494
1300
1366
1432
1498
1301
1368
1435
1502
1302
1370
1438
1506
1303
1372
1441
1510
1304
1374
1444
1514
1305
1376
1447
1518
1306
1378
1450
1522
1307
1380
1453
1526
1308
1382
1456
1530
1309
1384
1459
1534
1310
1386
1462
1538
1311
1388
1465
1542
1312
1390
1468
1546
1313
1392
1471
1550
1314
1394
1474
1554
1315
1396
1477
1558
1316
1398
1480
1562
1317
1400
1483
1566
1318
1402
1486
1570
1319
1404
1489
1574
1320
1406
1492
1578
1321
1408
1495
1582
1322
1410
1498
1586
1323
1412
1501
1590
1324
1414
1504
1594
1325
1416
1507
1598
1326
1418
1510
1602
1327
1420
1513
1606
1328
1422
1516
1610
1329
1424
1519
1614
1330
1426
1522
1618
1331
1428
1525
1622
1332
1430
1528
1626
1333
1432
1531
1630
1334
1434
1534
1634
1335
1436
1537
1638
1336
1438
1540
1642
1337
1440
1543
1646
1338
1442
1546
1650
1339
1444
1549
1654
1340
1446
1552
1658
1341
1448
1555
1662
1342
1450
1558
1666
1343
1452
1561
1670
1344
1454
1564
1674
1345
1456
1567
1678
1346
1458
1570
1682
1347
1460
1573
1686
1348
1462
1576
1690
1349
1464
1579
1694
1350
1466
1582
1698
1351
1468
1585
1702
1352
1470
1588
1706
1353
1472
1591
1710
1354
1474
1594
1714
1355
1476
1597
1718
1356
1478
1600
1722
1357
1480
1603
1726
1358
1482
1606
1730
1359
1484
1609
1734
1360
1486
1612
1738
1361
1488
1615
1742
1362
1490
1618
1746
1363
1492
1621
1750
1364
1494
1624
1754
1365
1496
1627
1758
1366
1498
1630
1762
1367
1500
1633
1766
1368
1502
1636
1770
1369
1504
1639
1774
1370
1506
1642
1778
1371
1508
1645
1782
1372
1510
1648
1786
1373
1512
1651
1790
1374
1514
1654
1794
1375
1516
1657
1798
1376
1518
1660
1802
1377
1520
1663
1806
1378
1522
1666
1810
1379
1524
1669
1814
1380
1526
1672
1818
1381
1528
1675
1822
1382
1530
1678
1826
1383
1532
1681
1830
1384
1534
1684
1834
1385
1536
1687
1838
1386
1538
1690
1842
1387
1540
1693
1846
1388
1542
1696
1850
1389
1544
1699
1854
